
realtime	93611
000030	18650	217545	18650	18700
000020	8160	16563	-8150	-8170

realtime	93612
000030	18650	217545	18650	18700
000020	8160	16563	-8150	-8170

realtime	93613
000030	18650	217545	18650	18700
000020	8160	16563	-8150	-8170

realtime	93614
000030	18650	217545	18650	18700
000020	8160	16563	-8150	-8170

realtime	93615
000030	18650	217545	18650	18700
000020	8160	16563	-8150	-8170

realtime	93616
000030	18650	217545	18650	18700
000020	8160	16563	-8150	-8170

realtime	93617
000030	18650	217545	18650	18700
000020	8160	16563	-8150	-8170

realtime	93618
000030	18650	217545	18650	18700
000020	8160	16563	-8150	-8170

realtime	93619
000030	18650	217545	18650	18700
000020	8160	16563	-8150	-8170

realtime	93620
000030	18650	217545	18650	18700
000020	8160	16563	-8150	-8170

realtime	93621
000030	18650	217545	18650	18700
000020	8160	16563	-8150	-8160

realtime	93622
000030	18650	217556	18650	18700
000020	8160	16563	-8150	-8160

realtime	93623
000030	18650	217556	18650	18700
000020	8160	16563	-8150	-8160

realtime	93624
000030	18650	217556	18650	18700
000020	8160	16563	-8150	-8160

realtime	93625
000030	18650	218245	18650	18700
000020	8160	16563	-8150	-8160

realtime	93626
000030	18650	218245	18650	18700
000020	8160	16563	-8150	-8160

realtime	93627
000030	18650	218400	18650	18700
000020	8160	16563	-8150	-8160

realtime	93628
000030	18650	218400	18650	18700
000020	8160	16563	-8150	-8160

realtime	93629
000030	18650	218400	18650	18700
000020	8160	16563	-8150	-8160

realtime	93630
000030	18650	218400	18650	18700
000020	8160	16563	-8150	-8160

realtime	93631
000030	18650	218400	18650	18700
000020	8160	16563	-8150	-8160

realtime	93632
000030	18650	218400	18650	18700
000020	8160	16563	-8150	-8160

realtime	93633
000030	18650	218411	18650	18700
000020	8160	16563	-8150	-8160

realtime	93634
000030	18650	218413	18650	18700
000020	8160	16563	-8150	-8160

realtime	93635
000030	18650	218413	18650	18700
000020	8160	16563	-8150	-8160

realtime	93636
000030	18650	218413	18650	18700
000020	8160	16563	-8150	-8160

realtime	93637
000030	18650	218413	18650	18700
000020	8160	16563	-8150	-8160

realtime	93638
000030	18700	218433	18650	18700
000020	8160	16563	-8150	-8160

realtime	93639
000030	18700	218433	18650	18700
000020	8160	16563	-8150	-8160

realtime	93640
000030	18700	218433	18650	18700
000020	8160	16563	-8150	-8160

realtime	93641
000030	18700	218433	18650	18700
000020	8160	16563	-8150	-8160

realtime	93642
000030	18700	218433	18650	18700
000020	8160	16563	-8150	-8160

realtime	93643
000030	18700	218455	18650	18700
000020	8160	16563	-8150	-8160

realtime	93644
000030	18650	218466	18650	18700
000020	8160	16563	-8150	-8160

realtime	93645
000030	18650	218466	18650	18700
000020	8160	16563	-8150	-8160

realtime	93646
000030	18650	218466	18650	18700
000020	8160	16563	-8150	-8160

realtime	93647
000030	18650	218466	18650	18700
000020	8160	16563	-8150	-8160

realtime	93648
000030	18650	218466	18650	18700
000020	8160	16563	-8150	-8160

realtime	93649
000030	18650	218466	18650	18700
000020	8160	16563	-8150	-8160

realtime	93650
000030	18650	218466	18650	18700
000020	8160	16563	-8150	-8160

realtime	93651
000030	18650	218466	18650	18700
000020	8160	16563	-8150	-8160

realtime	93652
000030	18650	218466	18650	18700
000020	8160	16563	-8150	-8160

realtime	93653
000030	18650	218466	18650	18700
000020	8160	16563	-8150	-8160

realtime	93654
000030	18650	218466	18650	18700
000020	8160	16563	-8150	-8160

realtime	93655
000030	18650	218466	18650	18700
000020	8160	16563	-8150	-8160
